Adding Waypoint
Arm Joints: 
(-0.7250981090927054, -1.379985406843387, -1.7924646011813483, 1.6937704532903954, -0.00988389682916006, 0.0911690643521724, 0.2084693247568631)
Hand Joints: 
(0.13005089119694466, 0.029513790358919736, -0.04789088019778972, 0.044178646691106466, 0.043358478296516935, 0.010394253818713103, 0.15339603348084693)


Adding Waypoint
Arm Joints: 
(-0.6780560315975458, -1.8312744096086104, -1.705345475824934, 1.2414165631738963, 0.005060555176529951, 0.8523872625467636, 1.3300322370515492)
Hand Joints: 
(2.0202220180296315, 2.259707098634338, 2.220836025469316, 0.05723939739938992, 0.6735791451914537, 0.7531620684669608, 0.9103828273789358)
 

Adding Waypoint
Arm Joints: 
(0.598325553979585, -1.620535314465808, 2.1310888873834535, 1.3168372852449404, -3.9027159663748248, -0.9639566899543224, 2.490021727689787)
Hand Joints: 
(1.799696939963192, 2.01890279455205, 2.1567769877672114, 0.03620194659410113, 0.600152598144661, 0.6738511711178388, 0.7208727955358266)


Adding Waypoint
Arm Joints: 
(0.6456963416435773, -1.488993068141809, 1.9991330603383715, 1.2983442946354302, -3.6469207164361626, -1.0465860674461005, -2.410497204593773)
Hand Joints: 
(1.1302063648983827, 1.009880911896633, 2.3897579898312826, 0.3103023993780097, 0.37646547434745964, 0.3365860644778673, 0.7977150064703112)

Adding Waypoint
Arm Joints: 
(-0.6350680461846554, -1.91679723229604, -0.9715378901003288, 1.2606765441773493, -0.8085818317999262, 1.2583386731140256, -2.4753292124407817)
Hand Joints: 
(0.9995725610020415, 1.319039399887105, 2.327447690227368, 0.31109130378320804, 0.332986322895629, 0.4401706738144917, 0.7777057610731309)


